5000
595261 595723
531116 532095
589443 589681
153886 154574
566310 566795
390069 390466
443877 444323
981821 982586
143005 143205
343205 343803
796282 796733
605931 605978
817494 818422
387595 388405
460116 460413
512211 512723
172350 173055
42374 42394
652474 652639
396360 397105
623363 623426
756400 756834
954788 955171
396769 396967
677423 677468
216563 216821
665836 666596
748760 748931
224405 225025
166040 166917
795198 795407
669901 670200
908194 908909
483683 483686
41752 42221
912111 912123
690140 691042
370104 370631
796466 797019
629051 629872
728854 729433
541992 542062
66391 67082
952034 952914
512050 512717
14500 14541
90658 91067
61455 61610
448324 448405
862712 863633
528305 529206
772478 773057
681061 681752
500353 501029
451301 451606
874294 874947
35142 35242
663447 663468
666391 667083
634399 635143
818136 818701
99315 99992
494564 495189
644284 644361
836354 836949
98314 98524
288242 288884
153506 154063
669746 669962
44695 45535
514672 514963
348575 349367
273218 273341
324300 325008
377249 377273
626459 626861
708964 709123
777273 777329
224241 224964
760737 761310
764622 765488
871091 871113
479518 479658
857775 858008
919599 920236
664606 664989
117871 118765
565673 566244
923559 924220
643779 643974
297936 298161
378633 379135
111802 111836
396938 397413
300516 301192
97690 98087
650861 651764
204744 204932
537105 537552
545383 545800
291063 291110
620570 621438
622951 623046
529217 530069
42529 43417
824432 825044
385665 386476
409006 409114
263830 264775
423403 423955
445217 446050
865882 865924
342267 342835
428646 429515
916639 917438
72249 72716
568079 568264
68199 68369
520379 520643
440426 440931
990860 991174
896159 896626
552422 553017
849301 849896
864268 865154
53766 54113
309093 310029
120877 120914
620716 621700
777135 778128
350357 350680
375311 375388
636619 636790
415234 415866
293455 293743
284873 285746
660483 660883
57340 58121
743893 744719
3427 3980
507367 507379
120168 120855
451755 452602
47784 48176
898851 899248
278993 279643
451454 452303
875718 875744
478367 478441
953469 953611
251112 251159
674545 674730
840612 841366
353699 354658
283993 284766
159387 159681
45292 45931
879773 880116
760103 760112
330415 330425
250909 251613
564799 564851
668495 668863
649905 650008
277775 278299
108029 108136
135361 136271
933279 933461
681945 682310
60320 60821
364031 364743
492946 493699
507159 507178
67433 67764
450533 450752
492205 492588
928582 929472
50652 50784
954594 955363
19596 19740
287078 287943
488158 488337
854366 855269
170198 171186
878591 879180
359527 359649
902537 903364
455644 456545
418372 418883
653064 653197
670866 671694
105463 106319
825394 826042
394134 394383
580541 581514
879829 880801
765817 766465
673413 673609
32035 32896
125115 125347
669817 670503
24084 24835
549726 550466
643228 644077
463006 463044
247055 247384
694057 694901
15248 15382
247877 248384
164383 165250
500451 500869
220469 220782
980484 980836
591260 591820
538309 538463
845698 846646
731757 731776
32908 33697
219855 220113
30070 30421
753602 753676
272 939
441334 441347
765061 765692
99666 100278
418069 418101
862361 863195
534002 534714
542970 543585
190544 190691
349246 349459
567134 568018
886941 887728
986985 987493
78393 79022
906423 906700
881540 881691
647384 647536
959470 960127
505569 506283
918990 919347
186307 186967
972297 973116
696104 696847
241681 242520
617301 617916
448997 449071
345379 346234
540550 541518
401624 401784
123273 123420
25419 25622
234344 234598
994036 994471
771068 771878
827849 828271
488317 488483
171637 171901
130993 131940
735482 735855
983019 983575
950736 951024
221803 222390
804846 804971
94732 95149
947149 947662
48698 48949
273669 274456
60698 60799
31614 31972
901692 902349
157848 158797
56971 57503
718302 719119
191373 192363
996325 997220
826317 827235
904955 905939
297118 297168
708859 708921
927394 928367
950277 951206
604993 605257
625793 626391
108557 108900
863228 863863
618770 619171
104235 104461
477387 477449
533180 533463
830439 830676
171141 171290
585547 586337
988812 989495
942937 943764
132829 133681
421254 421593
838938 839280
245001 245223
95956 96376
174214 174592
974104 974828
448115 448278
166357 166566
860282 861068
568954 569362
337829 338474
546965 547550
365232 365773
373205 373836
919240 920160
697625 697982
476170 476558
206137 206165
93286 93741
219626 220083
753049 753810
130960 131197
32146 32910
666883 667030
264388 264544
866052 866321
207818 208752
234017 234107
100682 101262
108436 108506
970712 970858
715826 716229
349035 349251
827255 827379
172012 172414
753454 754020
476866 476971
619790 619895
601211 601699
871313 871879
139525 139751
925182 925775
262995 263658
33262 33727
389771 390489
885779 886522
520268 521192
917764 918329
146188 146692
462622 463178
820255 821042
231861 232376
310877 311461
870336 870532
288610 288798
503410 504318
546945 547408
730460 730653
478330 479021
583583 584283
802456 802769
321352 322067
333344 333649
894341 894566
298907 299120
639420 639952
497364 497773
298202 298816
941493 941694
466152 466760
552996 553087
643618 643855
696475 697105
241954 242328
363789 364100
394289 395029
479836 480196
401845 402664
148568 148975
892198 892693
934842 935523
556323 557206
78918 79809
640346 640942
929767 930433
573228 573973
281676 281887
563990 564243
53824 54538
537820 538803
350944 351704
8864 9038
273133 273905
500424 501016
347377 348067
385862 385935
629758 629848
605121 606116
906090 906130
31312 32088
109823 109854
102687 103059
236279 236629
206394 206924
867740 868245
328798 329231
73165 73201
27175 28060
479381 480021
420564 420782
221662 222347
536823 537007
482755 482835
40952 41050
402787 403383
362545 362961
689752 690406
579204 579745
274375 274587
62641 62740
710867 711077
16244 17231
547770 548073
896579 897331
749689 750647
831812 832246
214179 214187
832813 833577
312492 312974
339702 340335
94717 95450
864432 865249
610504 611434
549401 549662
152890 153091
703895 704104
93976 94142
689986 690230
387106 387310
224999 225995
289045 289096
946606 946611
90469 90867
312861 313470
543255 544149
239605 240596
273420 273485
314458 314829
291065 291252
593889 594478
300579 301412
244594 245046
992841 993421
579660 580286
874282 875064
187383 188142
995261 995262
648189 648463
284647 285046
598178 599032
740606 740915
133531 133919
535628 536237
89123 89798
33864 34517
910167 910324
278351 279342
646755 647401
901016 901197
798222 798740
239076 239488
666249 666841
699356 700034
592293 592746
275765 276089
355593 356199
773702 773716
409771 410521
587242 587590
983510 984207
159945 160368
474305 475052
105601 106254
137049 137537
73433 74428
979476 980125
494326 494982
21190 21947
400263 400318
865978 866835
104171 104673
924166 924485
591323 591747
484984 485436
562281 562879
9551 10502
995471 996290
695282 695828
639741 640500
824597 825294
832498 833439
878299 878448
775659 776213
939837 940565
103250 103464
883527 884221
950310 950647
809884 810511
294080 294531
444176 444629
341158 341888
841883 842071
226656 226666
191710 192009
627631 627753
67190 68136
185045 185337
855877 856588
144648 145466
508231 508854
726849 727832
470154 470695
128817 129056
810951 810973
85642 86333
742174 742930
481979 482659
432638 433259
362310 362461
221457 221783
203428 203721
867989 868210
175640 175789
201719 201858
82424 83349
580083 580395
241151 241554
551110 551214
196240 196705
575620 575791
852613 853420
582326 583130
119302 119816
829291 829560
944174 945138
634871 635123
125518 126075
925593 926474
229253 230226
834958 835948
695135 695786
301259 301643
236961 237166
399959 400868
419871 420357
927983 928899
761357 761881
817107 817172
405730 405956
857278 857865
498515 499488
919444 920350
366820 366891
614532 614683
237280 237777
117716 118459
273385 273473
408555 408699
732315 732762
119905 120655
728555 729038
390883 391224
641718 641903
997355 997790
492428 493149
685189 685861
152323 153051
292668 293619
105679 106007
708178 708444
317775 318440
735606 736570
285219 285761
905136 905316
614969 615263
949576 950323
445143 445233
373733 374134
558923 559561
110649 111446
183847 184747
140665 141269
140136 141108
555851 556354
399621 400127
417448 418104
896476 896556
633105 634029
335864 336759
654173 654916
540679 541489
911920 912371
976336 976789
927800 928249
377498 377939
359265 359540
60183 61114
251368 251923
373695 374098
969253 969310
467809 468444
689497 690281
461060 461134
282351 282615
326596 327178
771695 772182
978728 978765
641909 641932
487280 487466
970289 970766
404300 405090
575095 575295
482160 483059
402278 402623
995284 995486
816998 817874
918647 919637
30330 30346
529131 529971
363182 364150
638547 638833
946634 947074
48730 49680
461299 461853
291573 291849
431243 431926
395928 396835
666135 666349
394023 394518
782239 782620
233314 233478
87362 88003
686156 686463
482343 483172
31133 31490
326176 326828
92098 92099
825377 826105
390614 390727
905495 905991
463003 463417
376523 377140
376945 377681
294717 295524
103911 104431
346789 347750
800071 800521
982205 982628
345018 345638
930667 931642
903005 903776
87643 88382
255692 255916
517632 517909
708531 708610
425283 425632
802340 802771
357212 357559
721418 722104
362885 363278
66556 66569
902999 903582
904861 905688
150115 150200
333520 333898
332027 332525
995704 996432
543433 543950
4646 5589
172797 173616
476300 476798
236508 236569
515598 515912
29267 29361
948232 948869
627459 627871
612490 613095
982879 983802
201993 202199
63177 64015
193799 194247
492818 492960
658874 659323
720416 720510
92898 93780
375465 375797
39476 40288
184374 184459
650556 651288
730299 730594
810575 810741
554779 555161
610390 611017
201153 201206
744382 744471
494801 495492
978293 979132
355164 355671
4735 4921
40946 41598
571534 572235
812562 813451
293200 293718
490389 491105
449866 450332
970249 970495
964275 965189
234954 235399
905691 905882
660906 661559
161282 162227
84000 84850
148901 149498
554903 555445
22363 22795
588349 588533
228245 228445
958724 959399
986076 986805
207774 208483
490741 491044
970249 971218
336535 337368
906138 907093
730653 731512
328989 329718
454287 454862
843795 844579
164931 165912
819020 819571
998833 999305
765692 766203
961620 962160
997426 997584
431596 432201
594379 594770
607848 608404
981446 981883
232760 232803
875800 875953
223737 224604
342255 342293
392818 393122
711876 712391
206420 206826
409602 410537
828630 829501
210867 211814
490541 491236
864425 865345
105891 106526
731665 732346
873087 873617
527652 527851
581314 582153
975832 976027
615258 616054
453788 453827
430823 430955
234520 234645
687282 687348
198114 198130
485990 486436
201021 201242
120782 121505
826108 826554
496790 497467
491725 491872
954350 954478
318896 319271
419649 420257
785998 786927
166004 166645
551887 552275
680362 680950
888532 888721
361251 362022
226739 226917
694677 694956
228240 228449
414171 414313
46232 47180
107497 108002
412881 413267
134498 135185
526334 526922
840849 841015
561471 561685
959243 960149
441420 441670
950006 950554
387194 387399
189771 190235
199207 199747
399342 399594
787279 787761
593470 593607
351088 351228
762760 763208
198635 199563
204038 204040
829121 829429
559893 560762
389109 389646
156524 157481
736801 736962
34232 35107
803368 803682
102844 103784
187386 187710
586558 586604
170310 171119
767093 768080
890001 890820
485887 486276
185365 185482
323190 324153
19758 20000
833282 833427
485365 485830
32682 33241
918271 918981
863516 864277
655720 655748
257548 258240
437617 437980
117545 118180
703145 703490
864211 864293
624903 625803
203841 203971
201957 202208
551543 552093
444576 445428
401604 402525
122156 122834
376585 376634
397764 397787
553070 553805
12216 12365
50567 50778
560031 560632
73811 73950
663988 664178
924293 924682
439941 440668
820075 821043
365309 365594
177852 177857
747404 748199
284183 285140
124892 125000
680086 680843
577828 577950
964801 965463
279442 279641
763319 763350
382089 382780
680952 681113
372370 372433
161221 161914
625759 626024
595849 596797
633123 633742
621377 621849
275133 275497
262190 262775
68667 69363
943004 943884
995306 995644
770691 770807
658844 659507
233410 234331
651507 651977
451195 451773
20801 21562
679009 679720
814570 814688
182455 183179
594737 594941
136362 137107
110944 111160
585190 586141
645931 646162
478431 478891
221667 221682
970206 970552
343976 344724
582203 582713
840936 841181
92217 92548
787652 788005
504685 505216
18602 19480
102296 102967
816133 816398
913812 914084
918360 918797
493515 493890
232050 232559
395251 395393
804210 804648
700022 700730
781892 782650
543182 543420
964276 964947
908998 909888
157167 157853
896419 896492
350762 351046
453337 454284
593226 594161
326890 327321
9738 10210
133873 134519
185810 186116
18797 18906
349276 349907
970193 970348
854787 854969
746384 746690
995020 995440
346302 346894
44303 45066
804593 804639
992606 992901
355574 355873
822787 823583
135080 135314
576937 577292
322100 322402
251753 251860
784608 785035
732389 732729
890729 890924
284016 284815
230260 230914
532652 533550
6196 7142
301926 302817
46634 46814
473172 473861
385891 386747
917310 917464
931027 931993
100242 100937
804199 804583
433161 433365
706976 707968
287160 287354
225300 226022
150489 150709
548262 548774
267191 267796
83493 83719
171777 172200
457555 458235
416533 417099
160164 160270
837494 838481
992670 993530
76704 77343
28047 28249
326224 326627
250410 250550
723905 724688
397028 397407
382129 382165
770379 771205
961090 962040
382285 383064
435268 435633
402910 403575
384807 385315
169044 169455
65623 66224
358061 358484
454328 455105
372512 373087
728745 729155
940121 940985
956837 957583
532237 532427
151604 152376
311813 311834
965976 965989
637344 637777
54635 54681
887105 888089
816526 817494
925232 925359
697565 698505
614644 614691
334494 334501
634942 635720
645840 646501
923025 923471
299615 300237
480893 481437
602478 602571
382322 382476
514046 514659
789970 790748
907154 907367
761823 762259
123637 124360
37948 38545
516531 517307
253696 253876
895813 896695
436477 436740
99776 100338
450878 451405
557477 558224
7910 8707
595682 596439
675918 676453
81895 82375
402462 403320
82894 83088
965341 965695
450345 451017
817316 818284
474071 474461
457932 458524
866521 866648
244080 244176
234743 234883
684277 684414
138368 138559
98533 98876
778414 779287
807595 808280
401632 402205
623817 624680
265529 265725
360246 360872
597574 597597
491467 491819
388804 389248
660388 661184
312359 312921
123284 124013
801224 801375
863329 863831
47662 48652
102102 102964
206941 207652
287599 287687
839036 839538
432975 433171
783752 783962
368054 368553
39806 40062
476151 476959
61390 62148
340357 340510
236283 237101
101653 102109
829247 829402
987302 987792
270227 270278
985885 986092
759243 759931
712117 713028
984464 984999
760772 760942
385392 386097
869753 870523
31368 31652
985762 985970
561369 562047
580594 580668
970072 970391
828422 829405
743424 743426
396536 396954
576666 577099
31077 31938
5508 6325
363586 363964
744728 745000
991500 991701
395827 396381
174540 175372
353670 353817
613824 614233
141345 141754
440047 441019
640067 640070
383453 384107
175142 175359
698092 698721
641736 642203
231204 231273
959516 959912
318593 319213
416735 416794
179930 180820
51654 52591
506778 506860
611308 612082
234895 235718
779450 780335
679632 679914
482983 483498
7004 7607
279735 279764
131253 131565
124520 124523
576220 576733
664231 664416
901206 901330
261105 262016
970427 970638
44406 44753
778263 778556
598663 598882
820729 820926
790688 791036
73106 73593
13433 13536
983824 983884
918038 918081
2472 2525
857671 857844
638793 639042
619409 619549
152621 153072
191475 191943
183339 183626
437629 438582
472487 473039
320403 321144
815300 815606
797263 797445
36112 36824
939468 940042
191765 192317
911391 912191
95759 96137
940224 940328
266273 267025
273399 273601
994586 994592
927905 928499
618070 618901
399801 400055
938135 938228
914251 914273
444946 445578
596548 596819
42438 42693
163253 164052
48006 48829
886734 886911
624928 625682
663184 663702
387718 388663
701435 701596
296778 297020
637326 637787
632487 632821
502708 503480
877762 877947
665195 665886
25911 26852
96865 96949
193208 193781
854799 855491
503160 503971
636679 636757
254334 254686
204754 205254
458213 458543
971778 972396
490024 490714
397446 398138
310363 310711
309076 309147
867357 867822
14016 14443
944721 945655
542139 543010
333299 333372
855255 856042
904392 904557
168734 168817
95006 95251
401323 402070
115298 115810
436048 436505
985425 985676
985454 986266
89982 90068
223492 224279
639546 640272
125662 126404
836050 836924
679430 679520
927026 927490
784904 785143
222895 223050
997208 998078
772275 772579
981926 982353
936089 936669
167809 168781
651599 651704
930714 931541
663300 664103
830687 831380
102519 102567
428072 428603
390567 390656
142150 142997
180889 181568
137239 137688
91212 91865
35207 35328
773961 774175
779408 780167
584757 585752
501594 501953
942904 943767
877261 877319
597568 598249
503123 503347
49407 50358
733723 734148
664436 664920
240576 240870
384997 385317
523280 523671
210898 211854
712320 712816
923244 923498
67581 68295
580292 581080
983469 984191
938536 939507
419404 420372
755104 756000
119570 119753
775623 775775
866210 866997
829677 830452
312518 312802
311433 311534
797910 798605
732268 732811
275855 276542
408384 409264
678968 679306
228192 228686
85567 85870
225713 226294
148066 148472
541574 542207
691650 692409
386657 387293
873554 873914
612301 612439
39757 40080
294713 295266
901925 901976
834263 834894
910536 911211
602650 603417
422789 423480
42518 43274
661637 662137
286529 287254
166236 167198
952431 953404
742014 742985
937651 937997
644486 644595
606841 607168
954282 954423
562298 562576
583098 584093
180326 180341
871520 872109
873629 874333
568697 568809
256689 257173
547905 547919
675691 676337
618045 618106
446862 447332
410242 410731
409793 409982
944219 944384
852117 852609
823231 823983
757910 758679
638841 639520
304111 304194
478737 479718
84694 84872
271400 272195
932695 933225
94081 94930
428636 429330
718826 718954
783129 783295
115274 115839
744469 745113
223548 223940
446637 446785
577002 577004
840843 841173
36885 37585
146492 147351
777520 778335
275960 276239
131221 131933
122178 123126
733607 733960
587014 587441
964038 964967
87642 87907
417961 418153
48733 49128
805566 806188
153941 154105
952813 953494
81013 81716
852731 853182
779707 780059
211482 211909
419751 420601
987717 988117
452695 453578
137704 138113
633071 633314
109470 109913
113854 114006
169861 170381
592220 593112
356989 357500
53576 54321
492326 492524
493182 493729
526646 526801
320669 320877
578321 578843
880151 880960
27467 28431
346313 346819
286609 287070
403746 403832
691662 691968
935001 935603
456921 457706
76439 76884
795276 795344
448315 449304
870367 870997
941404 941414
462027 462725
161785 162489
75074 75748
477652 478547
839627 839999
456270 456676
70413 70730
42036 42444
961249 961600
569358 570004
436745 437559
759696 760008
382311 382825
15114 15465
524526 524600
777682 778411
345533 345785
425810 426107
921458 922221
662115 662768
805659 805908
896208 897098
873287 873779
400768 401374
551643 552265
187595 188499
202177 202430
989325 989605
90635 91583
175441 176182
777093 777730
943741 944274
150065 150646
377851 378359
609243 609253
625303 626090
695108 695779
634292 635201
250773 251368
18226 19101
352521 353394
366690 366808
533461 534330
93266 94074
615644 616022
482923 482958
690410 691287
887311 888127
580218 580656
481961 482078
726731 726996
520733 521163
586573 586906
566846 567287
754689 755679
404262 405235
867351 867597
927952 928149
86945 87658
231409 231825
639469 639573
929197 929376
918840 919476
234694 235461
944285 944330
357680 358492
308196 308523
285616 285648
212824 213089
498570 499322
757057 757539
406537 407067
935968 936734
79897 80503
960081 960242
94712 94870
925938 926665
362131 362968
888922 889179
706374 706528
463733 464109
12819 12948
698252 699178
808540 809181
315945 316316
701227 701576
921920 922345
885246 885657
336417 337256
242280 242632
371489 371639
881546 881921
509976 510966
456897 457156
181270 181777
68201 68686
6231 6486
139440 140022
2366 2542
366765 367285
2101 2902
275854 275863
334138 334311
798457 799379
353613 354327
554346 555148
873557 873559
425988 426658
682211 682719
804419 804916
33527 33730
711861 712781
163094 164087
424769 425296
617757 618713
202143 202850
633903 634441
493663 493765
684306 684351
432694 433328
335328 335560
392707 393205
53458 53883
235992 236856
735542 735716
651724 652294
354241 355180
779621 779866
482983 483056
22371 23284
422639 423303
371655 371677
94764 95217
177890 178043
743294 743802
506538 507155
240872 241284
330015 330830
964810 965480
649636 650096
674158 675064
750673 751643
653687 654181
484830 485420
411374 412323
300553 301022
875591 876316
308032 308975
51256 52204
893099 893471
158201 158542
127304 128029
740990 741009
649858 650045
15890 16791
144227 145197
945806 945995
835718 836590
15199 15881
167810 167906
387278 388098
493729 493801
871336 871646
77535 77719
556582 557246
645837 646582
897287 897804
11964 12256
387217 388051
99335 99635
783598 783715
711610 712201
345627 345890
74671 74879
118372 119217
426575 427298
916035 916355
958493 959346
846136 847118
720166 720994
893042 893251
455933 456153
933268 933965
531275 531876
488675 489588
23619 24218
122731 122865
769692 770271
833184 833576
207687 207860
342090 342456
377160 377765
800354 800497
199290 200195
765506 766366
658395 658743
142273 142908
638255 639134
394340 395056
489552 490002
297752 298707
479898 479919
533491 534217
966925 967503
164706 164896
303908 304657
882117 882673
885722 885953
540535 541080
197628 198066
235626 235702
912017 912893
398703 398842
231407 232190
219867 220797
817711 818101
403517 404070
634248 634875
285715 286684
119785 120708
63173 63353
933016 933953
78873 79825
102496 103260
863069 863765
49471 50279
689188 689693
920117 920623
986079 986229
222944 223613
196741 196776
443493 443941
962589 962817
28833 29017
644096 644925
747597 748057
405724 406571
853400 854136
426298 427186
894334 894973
724593 725106
304406 305139
271396 272320
904874 905011
112102 112783
996711 996713
955814 956672
105820 106647
311997 312081
69848 70734
7356 8236
776668 777441
656747 656951
784751 784969
798900 799658
288936 289027
334158 334216
474062 474867
656478 657377
670228 670699
180647 180749
779808 779860
986650 987127
576770 577324
973953 974766
824330 824562
686021 686686
935826 936607
605455 605872
562339 562458
689371 689734
475179 475617
287505 288054
549467 550068
237869 238626
179815 180397
161871 161976
499791 500416
509293 509344
503195 503630
491148 491469
135763 136759
896301 896323
353139 353914
889731 890240
46238 46451
421963 422388
249674 249698
292117 292921
782713 783114
880559 881447
333336 334097
278425 278988
782872 783070
564467 565132
810193 810258
576786 577487
36550 37496
924169 924697
450812 451713
992708 993012
205125 206026
189320 189938
193665 194093
130647 131506
448692 449040
214344 214790
60786 61723
742554 743269
501278 501454
136032 136940
732242 733197
162320 162710
760585 761098
499550 499999
238376 238384
955430 956253
795787 796546
492607 492905
618197 619017
449106 449573
66247 66310
53706 54602
141713 142528
421077 421182
348558 349233
479872 480032
872577 872858
865978 866407
421030 421068
150583 151403
436652 437550
562244 562492
115142 115845
906370 906433
184872 185854
221963 222126
435159 435726
424794 425240
179097 179240
307831 308246
404580 405178
958448 958782
54475 54524
555107 555942
3906 4635
528583 528874
299170 299846
44171 44362
338968 339666
945534 945698
215704 216453
934950 935639
470024 470855
928132 928544
200199 200618
563644 564551
664292 664508
982722 983218
399898 400317
28144 28574
407241 408124
51556 52538
133440 134236
519294 519774
780910 781844
688663 689075
887665 887984
285533 285897
408429 408575
62780 62992
773382 773522
964543 965161
551177 552038
352699 352879
904876 905400
521100 521561
599910 600155
242104 242393
915897 916485
723706 724188
966620 967174
840394 840540
818157 818909
593103 594085
452676 452838
687118 687295
126258 126798
779132 779300
95304 95387
11503 11522
175060 175138
714027 714705
446695 447180
492953 493271
781938 782491
804954 805398
486798 487072
850745 850974
90658 90782
899054 899293
589679 589991
920486 921411
768808 769188
22328 22935
762589 763124
531547 532374
278663 279030
846171 846539
158302 158712
226698 227033
863933 864151
674339 675295
373207 374041
237177 237692
743459 744452
513294 513376
240643 240978
72393 73137
30763 31303
504614 504897
589300 589655
315409 315526
678520 678586
735757 736715
177624 177749
440855 441423
312497 312860
260472 261217
987293 988214
127767 128021
376101 376594
803116 804017
420396 420554
302745 303709
826671 826920
565828 566195
555553 555576
219639 220079
274531 274894
47408 47433
788016 788391
857691 858091
165447 166253
782094 782231
332714 333216
15125 15202
900739 900783
46260 46601
997789 997850
565075 565391
341224 341598
825883 826218
969439 970094
101375 101643
514228 514771
988774 989359
660092 661053
56692 57656
163604 163730
895280 895830
602186 602783
459145 459331
887609 887618
179865 180273
599692 600584
466899 467051
407675 408332
556849 556874
764107 764640
156246 156432
563536 564260
800387 801177
314086 314579
268989 269946
51933 52014
54019 54865
197115 197465
1485 2384
624891 625238
785856 786029
473115 473241
975534 976314
867699 867990
177018 177343
725289 726203
605625 606566
404730 405341
594556 594875
126075 127000
535778 536224
153989 154822
941290 941557
174079 174197
26887 27661
162334 162970
976212 976676
368287 368727
554766 555616
372052 372748
959097 959699
208245 208737
114970 115937
24462 24859
157708 158616
152711 152719
989111 989549
737889 738471
997586 997907
127803 128485
905409 905499
945908 946077
236378 236741
778083 778439
901561 902060
442843 443822
271627 272232
15578 16319
719775 719904
68577 68833
743432 743873
559989 560065
557856 558333
655580 656412
136863 137476
508979 509610
954129 954371
968820 969135
808205 808277
161533 161867
287857 288723
958723 959281
551107 551205
962582 962884
960003 960885
584989 585156
455612 456028
807355 808135
102201 102329
933873 934584
889412 889584
604995 605883
898185 898759
40135 40594
772738 773041
155327 155635
764700 765104
633400 633436
986590 987475
78859 79281
949665 949829
234361 234779
286779 287372
701131 701267
38510 38574
745839 746534
589925 590463
258686 258799
528639 529094
135235 135697
826772 827088
708222 708897
807220 807556
738830 739381
604503 604976
379422 380410
583711 584148
581830 582715
614633 615229
569642 570297
695891 695907
964599 965458
334831 335528
713402 713482
527198 527271
212363 213205
594016 594530
106390 106424
722895 723461
102026 102653
16067 16963
722602 723097
488936 489836
233898 234196
295596 296526
476899 476992
126244 126895
197551 198394
157062 157800
903921 904166
716177 717035
130867 131232
904321 904849
705547 706492
659895 660004
239487 240456
879109 879450
270309 271038
308319 309279
683015 683270
36285 36561
656036 656583
207485 208225
933578 933980
813853 813932
233039 233900
678446 678563
833431 834429
602516 603189
606904 607189
523642 524176
133601 134326
925418 925733
816985 817655
894626 895109
99380 99478
768698 769453
82359 82568
310306 310798
178685 178741
582865 583836
357474 358462
732416 732678
442884 443800
956956 957353
996026 996356
717875 718158
614077 614801
854734 855208
477619 477760
107724 107874
528266 528643
10703 11337
528449 529012
323295 323656
294682 295249
336853 337034
272316 273214
314331 314713
842981 843837
335382 335723
890917 891676
431573 431653
279286 279287
367740 368220
129399 130318
446985 447274
804143 804918
445655 445937
666822 667084
332649 332963
330295 330345
595790 596005
861218 861601
579234 579675
49839 50331
476494 477022
593885 594645
880326 880426
556232 556832
704344 704505
47176 47937
197348 197904
205806 205987
337095 337492
849746 849921
503002 503256
95911 96164
64647 65189
547016 547496
413235 413579
694989 695600
664479 665388
110541 111211
698321 699239
868895 869876
583255 583835
834172 834772
738947 739007
182643 182827
58506 59448
633456 634252
942335 943105
182159 182194
234685 234987
141786 142423
526521 526932
703306 703477
502261 503140
878915 879327
14489 14609
947200 947568
544789 544954
174133 174512
601377 602305
139091 139731
814509 815415
919341 919764
802868 803799
103482 104024
713827 714203
96508 97234
358896 359278
48693 49414
477646 477647
834049 834959
408980 409359
303542 303694
528733 529556
72847 73311
20010 20772
247345 248244
63579 64373
204877 205285
62862 63635
443724 444217
854526 855160
655993 656529
801772 801878
161031 161311
705643 706200
540731 540869
833077 833399
787757 788570
227795 228678
730000 730440
761546 761888
682617 683308
876217 876425
512716 513435
744519 744694
696177 697021
68841 69329
839958 840316
65161 66108
63550 64113
993290 993752
265047 265623
864856 865468
115537 116157
834349 835052
5435 5456
235181 235860
294871 295121
979331 979918
636637 636707
822796 822914
206694 206824
911417 911842
929695 930181
189883 189891
612869 613694
712295 713026
288295 288615
460881 460955
663399 663636
305460 306436
761059 761269
452791 453692
460120 461051
697196 698112
597246 597943
523442 523774
238798 239444
26914 27297
117367 118062
444478 444940
8041 8388
626821 626947
117865 118325
416988 417480
878746 878893
377574 378130
553861 554606
485844 486594
776423 776805
668688 669530
341345 341564
546923 547253
517213 517347
780151 780199
824148 824304
900926 901240
665572 665808
733217 733452
175455 175813
956757 957191
24671 25072
472831 473399
826213 826559
307920 308835
205744 206512
112740 113119
359891 360550
759773 760027
623095 623826
663652 663726
222848 223360
88183 88440
470500 470637
587470 588353
350381 351030
130128 130872
558720 559606
157922 158364
545342 545708
688423 689130
216752 216992
487716 488123
545623 545625
968058 968305
230033 230646
454086 454606
217280 218251
160005 160525
488500 489090
173201 174036
497641 497955
696057 696265
302939 303459
150108 150629
415278 416135
918438 918991
220234 220718
908123 908310
636795 637293
360384 360614
828398 829248
268033 268144
530056 530853
813109 813654
317345 318185
826845 827645
65349 66045
531148 531204
329931 330550
320305 320364
729071 729658
946127 947095
899402 899642
386781 386800
598409 599129
398369 399126
196411 196941
349776 350267
457227 457944
985913 986547
974582 975304
242967 243282
932238 933150
447141 447741
642197 643046
39219 39656
3606 4363
811687 811784
665572 666155
559031 559287
591558 592187
915251 916096
813962 814109
47592 48245
81718 82558
362806 363528
819783 820217
723875 724270
683696 684644
629432 629866
378380 378516
483249 483384
374054 374474
662082 662336
341213 341825
613749 613840
81382 81664
394665 395271
400505 400839
22780 23704
862430 862534
967160 968150
178256 179060
486492 487478
785695 786372
198281 198912
831660 832279
691085 691367
917845 918227
996149 996510
369592 369654
65754 66732
961660 962530
446550 446829
457883 458787
616880 617119
354652 355416
567868 568004
530918 531667
411646 412477
302318 302581
476108 476907
440593 441290
408843 409833
368925 369228
724906 724996
690329 690922
627971 628765
660790 661228
477240 478026
600749 600980
787114 787689
724695 724831
959516 960465
351443 351666
677374 677620
781474 781885
588589 589150
850391 851223
882016 882454
248259 248945
857462 857773
767197 767343
307331 308155
719798 720091
186314 186547
435513 436285
991891 992539
873225 873629
64085 64794
660822 661438
180119 181117
513967 514354
834025 834734
518115 518309
780424 780836
735659 735853
907070 907323
750231 750630
786543 787278
122761 122923
615991 616252
746478 746557
784482 784984
621120 621189
838100 839046
502480 503154
858823 859276
493345 493788
850914 851887
87136 87262
93862 94588
753736 754338
988956 989231
159443 160328
635378 636350
337242 338105
672941 673818
76253 77245
322873 323217
225734 226090
171539 172211
336927 337224
154383 154848
115460 115495
192453 192914
334387 335345
225934 225943
16616 17226
401885 402361
399677 400022
742641 743625
202191 202591
661031 661898
969715 970420
883956 884539
237975 238366
486152 486393
884558 884675
93717 94284
216451 217322
958535 958936
231359 231559
703230 704160
796045 796930
602326 602807
834938 835353
672712 673423
360058 360157
87385 88367
423141 423282
901688 902637
319449 320353
426581 426684
796921 797624
447005 447923
845443 845780
147834 147981
398648 399529
741199 742084
663268 663511
133753 134412
491749 492496
215897 216143
801232 802163
847735 847985
819630 820476
300736 301410
864806 865224
991600 991921
532725 533518
217362 218023
581776 582358
283827 284725
413954 414714
654807 654836
898425 899076
475156 476073
415042 415788
621939 622927
925821 926603
256541 256633
807419 807978
720457 720943
853467 854457
115507 116082
99613 99801
919409 920045
909430 909557
337359 338349
480754 481146
167754 167799
448175 449089
215025 215273
564021 564285
4448 4565
675876 676205
777887 778286
636607 637186
580951 581439
404492 404872
924060 924105
403909 404574
940965 941164
614392 615270
28192 28373
547762 548508
728707 729101
289555 289721
78366 79027
623851 624518
616612 617070
889363 889776
443905 444331
559701 560284
924389 925154
27229 27759
416253 417197
31593 31844
418347 418476
434332 434676
106948 107707
291792 292479
896351 897210
134945 135058
241318 241529
652487 653059
407892 408072
594636 595557
74031 74258
403412 404309
670887 671273
312817 313016
877820 878756
564502 565449
624326 624954
161748 161885
698541 699097
14808 14846
760313 760504
748381 748406
606852 607794
714518 715449
680404 680789
986076 986332
72733 73304
662661 663179
285298 285883
651950 652818
687708 688307
568743 569586
83803 84488
371780 372144
54545 55291
872781 872978
962502 963490
767219 767689
927550 927762
350146 350368
158223 158967
878822 879752
208311 209211
403502 403973
918730 919504
791710 791945
564664 565347
482688 483470
819789 820215
865794 866569
91754 92740
190987 191750
464154 464995
866846 867838
225927 226324
594649 595536
693970 694741
776480 777063
159281 159862
750434 750473
6858 7029
219557 220422
960822 961177
872014 872730
238049 238271
676432 677195
351678 351903
563510 563520
668864 669040
632860 633075
524250 524760
904158 905108
553552 554011
482108 482213
877591 877654
787958 788419
391151 391814
286337 287047
743145 743691
595316 595822
867755 868682
948692 948823
844288 844665
585778 586139
465572 466171
278007 278018
614613 614973
729974 730315
903654 904276
793591 794396
591493 592241
11660 12467
479348 479356
826948 827403
575341 575379
624942 625587
213206 213398
291407 291416
738227 739207
104012 104315
58067 58752
828171 829026
232547 232602
95260 95849
942567 943539
940405 940897
916415 916781
885370 885567
625686 626547
118820 118891
927117 927142
52696 53565
892102 892261
97816 98612
874101 874820
551111 551797
477016 477544
162126 162773
863672 864000
257804 258504
173584 174135
503426 503779
79897 80246
199827 200244
640432 641387
893507 894129
521607 522339
347535 348390
618584 618963
704882 705615
658809 659742
784584 785106
323056 323950
939858 940287
637408 638028
412034 412798
943380 943719
673473 674320
316712 317636
583604 584393
566039 566493
805149 806095
232894 232961
833006 833796
941232 941795
528696 529550
947203 947910
132841 132967
712999 713150
132372 133110
838719 838890
703523 704249
573496 574471
535487 535931
646342 646950
92840 93589
440678 441650
539832 540748
695006 695331
252441 252611
354425 355406
557239 558156
439718 439910
373072 373684
664208 664985
796416 796957
46513 46620
850209 850936
207215 207670
749624 750540
857520 858140
888043 888493
331394 332189
245430 245994
898603 898852
42613 42949
903367 903877
397675 398371
830344 831330
264960 265731
782152 782789
922090 923042
256426 257255
547523 547722
452654 453477
826448 827061
564955 565515
218129 218558
21158 21778
747732 748521
689241 689474
9308 10106
694063 694426
113543 114064
609492 609959
72726 72851
349250 349982
329269 329530
896558 897428
907754 908572
454080 454204
802042 802523
315873 316782
159047 159912
863487 864114
846622 846971
689868 690336
540132 540722
729717 729934
343193 343531
314038 314735
140733 141230
652715 653680
987262 987870
499113 499403
323980 324595
209850 210350
403164 403436
299351 299823
126048 126903
464201 465032
197423 198142
64712 65140
82297 82854
16436 17084
416219 416800
262026 262916
732713 733232
82038 82303
774633 774993
117063 118044
192996 193532
957224 957336
348016 348025
372754 373681
14616 15372
886095 886933
536605 537301
231993 232913
823157 823836
432897 433514
344922 345518
643484 643814
953430 954325
993064 993781
476018 476046
610828 611193
167854 167886
545501 546425
504419 505142
89180 89669
34860 35252
789813 790590
704754 705560
856563 857252
12094 12393
69423 70223
847642 847733
456256 457210
631793 631986
349708 349889
821885 822609
148388 148996
604895 605814
229389 230113
349840 350455
540747 540965
651966 652138
831336 831431
70099 70753
760058 760337
274024 274586
593323 594127
886758 887242
263354 263451
21109 21944
590671 590742
178509 178537
826707 827450
734490 734919
422821 423137
118581 118941
509041 509496
651660 652444
421204 421231
511876 512669
34235 34372
36661 37282
719288 719870
197700 198267
498158 498957
296550 297415
77684 78028
795487 796003
321477 321535
762987 763527
847689 848346
254820 255333
791764 792393
40426 40830
314820 314940
219904 220672
479040 479072
485011 485021
542811 543036
831894 831918
894304 895139
304296 305091
339216 339860
884703 885150
483934 484187
130902 131103
764396 764553
820114 820189
172023 172195
438082 438235
726732 726881
906645 906952
84630 85443
555421 555669
935792 935936
669857 670435
524604 524723
302000 302809
54950 55020
185649 186589
699699 700667
368832 369233
800443 800505
105699 106158
596685 597502
681482 681568
14698 15067
541293 542105
855433 855761
164695 165009
585738 586371
766984 767116
630174 630910
385465 385648
108019 108142
53032 53623
102630 103061
79740 79741
232177 232209
758706 759614
900332 901184
443149 443166
143015 143988
329117 330091
123254 123272
936182 936400
617749 618094
407185 407578
765426 765915
379055 379083
40531 41216
181666 182283
534708 534822
80430 80558
759523 759993
394484 395478
270855 271353
626504 626933
295114 296062
742424 743292
962439 963085
908621 909219
832222 833155
327694 328201
564029 564078
606431 607022
814273 814894
242305 242707
645226 645932
403099 403840
206284 206663
778014 778862
983361 983696
753158 753957
328588 329277
807772 808340
300201 300597
161504 162136
762321 763149
45956 46815
248265 248616
95140 95989
373937 374060
653049 653627
293466 294133
162901 162978
505313 506098
892649 893190
363136 363316
153667 154506
371492 372177
997267 998248
957761 958323
190771 190970
771705 771914
626983 627016
799235 799243
856650 857437
843000 843520
69584 69682
519233 519999
841066 841442
914421 915268
752204 752331
531495 531801
46299 46799
204891 205629
983890 984366
986417 987308
980035 980953
46210 46908
886258 886956
39696 40118
609237 610108
363882 364440
435512 435633
929924 930734
79670 80302
854637 854918
255594 255872
387698 388043
860794 861184
846864 847796
402133 402292
341670 341761
314419 314910
21009 21209
232235 232539
798274 798890
467258 467280
666818 667556
727223 728086
647445 648231
247308 247832
67260 68230
992934 993267
278701 279290
217717 218708
28813 29241
899191 899425
3509 4014
213463 213802
871962 872916
339596 339899
401550 401584
907036 907258
980845 981210
921807 922259
933978 934020
689671 690436
68783 69019
829909 830221
926835 927498
271167 271489
495870 496309
202477 203173
352688 353467
787884 788324
445448 446273
407370 408007
938345 938564
244727 245097
980662 981194
587324 588023
754933 755528
222430 222767
692626 693197
134419 134815
392810 392974
856013 856624
411736 412053
931092 931985
85237 85837
350325 351261
504688 505376
6384 6934
52981 53730
638096 639087
598201 598591
170532 171305
847516 847972
292010 292737
693311 693322
82667 83432
547933 548185
899426 899904
549726 550111
700909 701261
843359 843364
165390 166051
895949 896840
340332 341326
312647 313129
550082 550768
611780 612591
70193 71092
426314 426449
496745 497233
963053 963881
519474 519526
992880 992948
321770 322437
781374 781555
503223 503570
196449 197291
668779 669735
664892 665456
874192 874841
669196 669815
530169 531148
166136 166689
776208 776614
230250 231223
103398 103487
988014 988615
686917 687374
87463 88430
878313 878754
464289 465155
304813 305715
961161 962148
960353 961122
712448 712982
870545 870612
933574 933778
352489 352950
465284 465579
794325 794712
304626 305582
116165 116243
947855 948014
640118 640143
343758 343998
397235 397344
748229 748989
733458 734108
447042 447807
388947 389788
580078 580886
555539 556155
432755 432950
48191 48269
567482 568243
531612 532415
827348 827863
652227 652740
650731 650935
402441 402760
383769 384073
577109 577431
490254 490853
343235 343510
569815 570667
514173 514661
804433 804566
898577 899100
155702 156356
919190 919600
518262 518766
271680 272514
334774 335253
1139 1873
782094 783022
906892 907441
85212 85404
821322 821861
748607 749408
330604 331556
787182 788096
967860 968747
932990 933479
224777 224952
247074 247745
356130 356225
249101 249965
913558 914465
787627 788556
546241 546674
788837 789716
612729 613198
750244 750730
470735 471129
887693 888300
201632 202467
14314 14634
254939 255606
444569 445271
630253 631151
889917 890190
523672 523777
52562 53367
598202 598311
46527 46529
485962 486248
442588 443006
334829 334923
346379 346990
492814 493752
330955 331404
157309 158213
176630 177372
976566 976885
459749 460301
207306 207620
834250 835102
793803 794550
586666 587038
392824 393033
745062 745842
675432 676183
668998 669718
751260 751526
154582 155556
415765 415993
217021 217152
323933 324841
726400 726646
379041 379201
430358 431217
267548 268028
113532 113652
949423 949497
992321 992805
235211 236058
810891 811172
531297 531644
264296 264744
864305 864954
961953 962820
446840 447320
147289 148058
108821 108920
824491 825192
942609 943602
81265 81603
739278 739693
140737 140958
656544 657268
968514 968685
106105 106443
51916 52112
65833 66581
668717 669314
395002 395993
337544 337773
799769 800490
664529 665074
527456 528043
177779 178735
35761 35804
959890 960180
739045 739189
899236 899455
183171 183242
794329 795064
252452 252863
112180 112813
75314 75977
633202 634063
334233 334886
865872 866094
346310 346347
622825 623481
695828 696229
16116 16183
508365 508787
683556 683655
670805 671225
608353 608736
117499 118251
880187 880945
878705 879623
845319 845486
731994 732102
308323 308889
766819 767403
981275 981570
801386 801798
588702 588899
191155 191575
294418 295284
450354 450672
814435 815380
442082 442220
842083 842569
767332 768154
597388 597617
755067 756046
980561 981021
960972 961584
321530 322290
415628 416427
223382 223789
442457 443226
567115 567552
106394 107270
429977 430800
625939 626776
72980 73730
639264 639900
669072 669884
658874 659734
899175 899496
921432 921769
101214 101976
416789 417294
919286 920218
918087 918322
14238 14694
355488 355503
761637 762596
17005 17462
228581 229032
663164 663195
46019 46428
352490 353362
441867 442300
644554 645362
726385 726403
549250 550244
919706 920537
945744 946067
259745 259843
68145 68307
906845 907645
447562 448279
755559 755663
134216 135004
49690 50660
532321 533150
829675 829706
524141 524803
301264 301607
349647 350457
700333 700624
195702 195965
610817 611726
25289 25680
596087 596703
347095 347856
51769 51981
694491 694586
95542 96375
403422 403438
61364 62308
369479 370085
508433 508629
683621 684239
904395 904855
528102 528721
67696 68316
512968 513575
323407 323628
706020 706427
889701 890102
992306 993104
718924 719091
479552 480008
459422 460013
426732 427028
33415 33751
960225 960584
286728 287152
905574 906132
233256 233398
187697 187700
33685 34225
924259 925038
120688 121371
876221 876443
411063 412049
59665 59674
159484 160054
869043 869728
701970 702586
126534 126897
917143 917660
936875 937236
836037 836204
617804 618026
518923 519553
557222 557631
713569 714541
614029 614791
311105 311549
660657 661373
292064 292342
370262 370627
511971 512195
484258 484306
744111 744761
700616 701269
536760 537027
463657 463848
98379 98399
934794 935519
423448 424422
459632 460608
10079 10779
517808 518353
328124 328732
331027 331224
714684 715419
475791 476208
845359 846147
4105 4270
438144 439126
58013 58142
224639 225253
802600 803201
54895 55086
976301 977064
634611 635220
491356 492246
361460 361648
899521 899966
338678 339027
266616 267336
979929 980870
330958 331193
492338 492646
97898 98649
549721 549890
434355 434650
673302 673795
177283 178239
298317 299082
376065 376743
712352 713323
373157 373401
266164 266876
360964 361088
291 564
417603 417860
640640 641555
775487 775682
168554 169459
529403 529919
513719 514360
764228 764415
372890 372973
736278 736621
836808 837595
37890 38603
323187 323830
911031 911153
771241 771949
995220 995907
579503 579738
819568 819750
417527 417733
840200 840945
796234 797222
50391 50471
438790 439512
167861 167949
514663 514685
957822 958207
526460 527432
457195 457204
751177 751430
860366 861238
66866 67097
719950 720461
789447 790314
711715 712174
849586 850483
950731 951446
646373 646775
562507 563500
484585 484672
146953 147101
59442 59563
619582 620068
206566 207408
654289 654873
440524 441249
31782 31827
513953 514499
811798 812099
517309 517904
770472 771367
161268 161505
291813 292621
807969 808809
146834 147387
591717 592093
479286 479495
235213 235443
867178 867904
897082 897285
100648 101477
770857 771474
929884 930114
814786 815440
454432 455409
2654 2808
617332 618105
586754 587518
369362 369528
917617 918549
485696 486005
681445 681527
649238 649990
498846 499048
629815 630298
971163 971489
91676 92369
104124 104468
17044 17204
915355 916035
127352 127900
345167 345529
240954 241392
823912 824384
102478 102589
717881 718143
287529 288494
375342 375782
470806 471408
197263 198107
789183 790079
311709 311998
586881 586946
660946 661751
853448 854099
542965 543729
733033 733828
129770 130700
689511 689610
142472 142659
176436 177151
734660 735604
773505 774167
117500 117707
286402 286975
950021 950719
899592 900163
345925 346008
758826 759559
305229 305243
878182 878331
585630 585991
842136 842500
274117 274247
152701 153691
509841 510698
757354 757560
757456 758032
896933 897739
783841 783937
91853 92070
378997 379513
164086 164789
241127 241276
969628 970163
921818 922524
232809 233200
603450 603692
565993 566564
531042 531527
102898 103875
923709 923893
942250 942934
269392 270127
860832 861674
998148 998294
301373 301981
379233 379926
353011 353641
900382 900735
964507 965438
203126 204094
510157 510655
480932 481778
483976 484648
850039 850211
33073 33924
585064 585785
161560 161916
576080 577035
597271 597284
194479 195370
173428 174403
642847 643564
424117 424597
390695 390983
658123 658606
228907 229450
4143 4223
43073 43734
171272 172195
55214 55940
788447 788706
272007 272361
718274 719056
726004 726029
416949 417724
551550 551980
807399 808174
896330 897294
544503 544601
500501 500951
301207 301714
920431 920736
230145 230315
880556 881056
173767 174726
447453 447785
224623 225238
565958 566170
824106 824371
290984 291715
184006 184190
621326 621645
405913 406693
146485 146605
644862 645525
867637 867638
809444 810301
996620 997030
321777 322532
411010 411538
19863 20472
265655 265786
90093 90854
76560 77115
660246 660448
933160 933376
661078 661188
250099 250184
934728 935604
143486 143955
49532 49839
140562 141234
275534 275601
555168 555359
167611 168040
437550 438027
678413 679365
198103 198629
240229 241154
709089 710026
500599 501472
679816 680458
282521 282627
390896 391716
988102 988105
891431 891716
797647 797747
293833 294165
567321 567806
665341 666336
481482 482413
850325 850361
689236 689896
249635 250142
79644 80191
409966 410467
836740 837237
137964 138132
824588 824714
288562 289144
550440 550722
275974 276063
18219 18415
228813 229435
85233 85806
623633 623721
723810 724712
898530 899248
935858 936129
602750 603744
56741 56876
546547 546780
126816 127670
517824 518516
878122 878881
478980 479247
621946 622910
157982 158509
681146 681943
586819 587640
901953 902665
379342 379519
883311 883331
990650 990832
992777 992955
926579 927039
296580 297119
332483 333154
473974 474294
775304 775875
116152 116272
796618 797051
754543 754678
267787 268111
647154 647852
644391 644834
329702 329778
256650 256816
609445 609774
876057 876362
185142 185295
915224 915945
651285 651421
93475 94321
338419 339318
483192 483639
621296 621496
366458 366801
242701 243366
197120 197366
426126 426594
827220 828170
399340 400272
519144 519523
241129 241324
152722 153322
446941 447926
140576 141341
619469 620462
435662 435899
940555 941215
988589 988760
60944 61171
962589 963219
787982 788788
246819 247245
589723 590125
635686 636657
601839 602154
993851 994446
817830 818063
651569 652507
670609 671546
732287 732932
583143 583369
664633 665320
596705 596739
311049 311577
603076 603292
563314 563829
730447 730481
948679 949541
809339 810134
491218 492152
815874 815905
671657 672620
259225 259774
756715 756883
514679 515151
315041 315985
915648 915694
266311 266642
381571 381660
312969 313342
588798 589374
429146 429309
277371 277542
77728 78711
570220 571083
325740 325758
484787 484913
896813 897701
48828 49323
593348 594280
964139 964376
293562 293686
242826 243557
637461 637652
353907 354425
984033 984308
413940 414218
645620 645683
763224 763230
492890 493689
211746 211888
660407 660964
520252 521205
440779 441576
660653 661002
817015 817800
529073 529235
565166 566006
998755 999168
254422 255345
215998 216610
371254 371961
92169 92397
31753 32439
754720 754859
150585 150589
446759 446943
793783 794224
756490 757018
891863 892139
130487 130562
148624 148994
850533 851189
356624 357405
248774 249573
347759 348024
526352 527158
604074 604388
270593 271277
863672 863944
139264 140000
272201 273130
543113 543762
278194 278923
31128 31643
299540 300535
151087 151791
897077 897825
285170 285686
439702 440098
361536 361959
851899 852762
520428 520740
750306 750632
854705 855228
314371 314460
992284 992987
146910 147211
11563 11690
602569 603511
141084 141851
231632 232026
893456 894400
506903 507447
94214 94420
582060 582273
718371 719187
666575 667150
946999 947391
862187 863045
887692 887999
95854 96650
77600 77607
464708 465588
787641 788514
173474 173601
470968 471607
785990 786280
887630 887631
783372 783546
242851 242993
741180 741769
148309 148391
15015 15842
249245 249920
412727 413418
235206 235558
619310 619710
637279 638140
644151 644181
765640 766533
225329 225679
226217 226545
490450 491169
614549 614870
79416 80205
610845 611187
857019 857055
913002 913683
187118 187131
656426 657399
262668 263155
892852 893669
4303 4956
929582 930087
494203 494490
80867 81072
299105 299486
928523 929449
75112 76082
901138 901812
163022 163623
572138 572496
291621 291912
972892 973067
784608 785174
160882 161040
116780 117096
441608 442065
50412 51121
158449 158715
66892 67070
375662 376264
654223 654863
565857 566071
842716 842797
764176 765109
775155 775593
588452 588910
229806 230750
790297 790324
145058 145517
67128 68072
876125 877080
777496 777973
973833 973929
198260 198297
114374 114699
895870 896327
142863 143503
159040 159709
817290 817473
479915 480045
842267 842735
906593 906796
465530 466367
611836 612377
693424 693513
856818 857287
848009 848913
164416 165196
842131 842817
667955 668342
470510 471135
792053 792190
218587 219137
351252 351410
776062 776480
206543 207189
666504 667043
838210 838497
414613 415305
566074 566921
523325 523940
905090 905848
747846 748022
128690 128726
923190 923562
56721 57172
468382 469113
948001 948650
677682 678089
790441 791402
67645 68463
669153 669872
980625 981289
570798 571154
873492 873741
197637 198327
794782 794891
429604 429913
394471 394671
271564 272255
414837 414883
887875 887959
213147 213787
724806 725797
169446 169571
323563 323669
15313 15536
296500 296985
15912 16245
564152 565059
913281 913504
884291 885061
526934 527498
98854 99507
1247 1795
497865 498153
51797 51917
189293 189616
627529 628352
460214 460575
959795 960120
650237 650839
303671 304246
214156 214765
389489 389977
681171 681962
348625 349073
629744 630301
414330 414483
510802 511717
886340 886388
620030 620838
288425 288543
218458 218861
489013 489071
847687 848570
415638 415750
698181 698566
319763 320446
261918 262822
84825 85592
67372 67569
238801 238810
131630 131704
32197 32277
260621 261280
256177 257165
451478 451806
733126 733732
864416 865104
832017 832359
78724 78912
628499 629006
518237 518245
4161 4375
869605 870136
44516 45363
394383 395158
72659 72771
226235 226716
401764 402568
472531 472662
825617 825627
472461 472496
685143 685219
882801 883473
880362 881211
885770 886315
662861 663705
830001 830229
495262 495279
219413 220030
452597 453211
62263 62732
677660 677767
318218 319092
711138 711849
861552 861637
459130 459617
787151 787216
923033 923793
954018 954816
311845 312369
129404 129821
583408 583935
997991 998180
553852 554824
529954 530115
474336 475064
456642 456643
483265 483796
675359 675555
29884 30620
361415 361848
344503 345161
587016 587188
801623 801677
489439 490343
180028 180812
674334 675166
761505 761818
217865 218046
572776 573344
3201 3694
106651 106961
201546 201588
239116 239253
845679 846599
304525 304537
970222 970704
480732 480794
333973 334617
396542 396914
823211 823268
876981 877971
448324 448328
39756 40167
362620 362770
302687 303153
719877 720228
90775 90934
167884 168271
953659 954205
608093 608231
429490 429951
378367 378917
144981 145817
820177 821051
321586 322288
686684 686966
218634 219279
959163 959309
331044 331567
250948 251057
533243 534024
365994 366307
572210 573110
940028 940517
964064 964355
308741 308874
456055 456314
68510 69125
126126 126371
785353 785710
333358 333681
799140 799715
925441 925959
453973 454583
385822 386502
234085 234622
820881 821497
806781 806937
753736 754216
947989 948280
679001 679201
633796 634306
240079 241061
199817 200040
946371 946399
568000 568755
870046 870276
907392 907876
676188 676713
808865 809080
722581 723073
601490 601892
839550 839614
159273 159582
991532 992181
511108 511231
791192 791392
336404 336475
535910 536522
340586 340810
651336 652313
418194 418739
846879 847869
880499 881372
581985 582933
159976 160036
57054 57201
715241 716166
674956 675550
779482 779656
923243 923909
653389 653739
637227 638224
359244 359789
26801 27016
338510 339161
243737 243959
648155 649005
83549 84019
47235 48168
195531 196093
63752 64168
97708 98269
221548 222169
279377 279530
648172 648327
271568 272317
337068 337986
483565 483744
950077 950595
396828 397174
578913 579103
759722 760001
107927 108231
652835 652956
222322 222993
884373 885002
696780 697110
208324 208908
258288 258714
68087 68641
805140 805720
874912 875305
323461 323831
396329 396694
344165 344500
112338 113327
748967 749551
829559 830241
294715 295519
406789 407635
548885 548968
268045 268480
927336 927963
869401 870277
745656 746564
842596 842899
676821 677090
238319 238794
90691 91173
873061 873952
325622 325936
274775 275141
288059 288289
399572 399817
960570 961163
42768 43510
824560 825502
380534 380779
246257 246312
403872 404760
769890 770780
326907 327275
28867 29452
830056 830305
512067 512717
690900 691318
568743 569322
448329 448576
739803 740362
942429 942596
388609 389269
82728 82971
639814 639955
269988 270888
774625 775561
201477 202103
211352 211778
652231 652243
800051 800216
974671 974739
924377 924714
146378 147304
490913 491207
98545 98595
400529 400697
307086 307442
320818 321403
203256 204099
473341 473384
491994 492456
7862 8459
476739 477415
403503 404098
733030 733156
209784 209892
992977 993730
291313 291544
878994 879900
674386 674476
95830 96228
292962 293038
673731 673755
369283 369724
500741 501466
231303 231739
65966 66735
387204 387878
197126 197717
8362 8490
224147 224467
363614 364165
894633 894755
282407 282783
730050 730456
11757 11953
838905 839220
138209 138723
792033 792406
842576 842579
911162 912054
176193 177060
296227 296656
316414 316764
497939 498735
579375 579467
557385 557772
241393 241671
64364 64891
492966 493107
802909 803691
778646 778817
176865 177617
525564 526161
125274 125640
16691 17549
633204 634133
332415 333204
57205 57573
574352 574424
579550 580015
147656 148500
742422 743255
720014 720182
688886 689556
640707 641239
299223 300149
505274 505371
371719 371785
508157 508547
665019 665924
720098 721049
568622 569211
83364 83393
974200 974236
64718 64878
620962 621688
857994 858646
237157 237757
437224 437289
889298 890058
997442 998161
393348 393971
533812 534706
441002 441363
563665 564344
371496 372305
708368 708869
837117 837826
507533 507765
138440 139059
134892 135104
338963 339576
566049 567018
412162 412291
593955 594914
785301 785394
972703 973422
477496 477716
508000 508539
904220 904560
814627 814674
734918 735119
277177 277365
741997 742778
745870 746524
243305 243949
630175 630854
601471 601763
881969 882762
430049 430889
231379 232079
895522 896417
961293 962116
648191 648476
957762 958327
235841 236493
85225 85396
867463 868153
858002 858816
204569 205449
637755 638493
928359 928479
120898 120952
486351 487251
408189 408375
111158 111735
13941 14812
748966 749084
677257 678093
759573 760455
440735 440913
392654 392926
906501 906656
188609 188833
273406 274144
452213 453039
585344 586138
251382 251932
319346 319941
557681 558382
593890 594534
277349 277688
549300 549968
555276 555331
751775 751936
422838 422957
212330 212827
418006 418387
473100 473651
161710 162624
352689 352865
181182 181845
27008 27158
279026 279884
517305 517326
888649 889303
46932 47603
458465 458666
589605 589797
821824 822041
751291 751819
667582 667854
23175 24007
618142 618144
469266 469923
371635 372165
618352 618605
430488 430629
65960 66672
361063 361578
641965 642728
206834 207455
97095 97327
903664 904651
592434 593324
100800 101565
625809 626135
655337 655724
878627 879601
144458 144896
448131 448774
380357 381299
603213 603885
368054 368096
978268 978686
317145 317825
426497 426722
42433 42696
914854 915318
23597 23641
535425 535566
606934 607932
109012 109843
583603 584172
691233 691875
118981 119702
290378 290944
352127 352797
758942 759766
889012 889532
879056 879421
65732 66596
838634 839160
275154 275730
523111 523482
333573 334203
325989 326097
609878 609908
749665 750440
274721 275160
24637 25303
798420 798450
934900 934930
763780 763905
739943 740198
325375 326248
257096 257396
140661 140849
458691 459423
516815 517497
348452 348883
103866 104379
858939 859830
957517 958007
892 1720
892053 892803
930547 931152
19138 19798
735421 736315
684514 685405
374706 374970
764739 765632
940879 941211
847990 848652
175768 176502
85735 86271
45722 46464
604065 604586
143614 143729
638222 638788
893865 894209
42844 43015
193312 193410
133107 133678
445465 446122
602195 602264
643173 643888
286251 286580
676786 677337
212436 213298
569101 569936
752068 752990
127420 127574
852454 853404
567634 568117
946454 946939
982483 982730
464794 465393
508631 508880
773381 773431
832292 832391
622037 622908
781091 781809
301892 302735
853437 853942
287787 288518
548407 548859
150682 150890
859408 860395
67485 67743
541323 541543
951601 951680
69575 69879
743956 744669
386044 387037
10481 10548
660881 661677
48563 49308
419257 419900
412793 413560
380732 380838
535200 535818
899801 900189
119230 119587
70496 71030
977642 977980
475869 476072
304866 305338
523570 524200
981700 981713
153796 154170
619486 619959
193829 194321
65640 65979
546586 546606
212631 212945
983370 984336
830773 831238
233639 234264
774932 774946
747937 748767
853394 853995
633877 634712
508637 509500
502741 503541
216711 217530
873586 873817
95501 96140
532700 533117
506642 506863
617122 617163
860353 860447
414636 414829
565879 566844
66357 67081
359319 360040
297503 297545
480591 480972
260471 260919
370663 370841
316399 317095
870234 870885
176586 176954
66005 66473
283178 284096
122892 123092
42341 42853
346684 347143
113974 114419
249843 250368
139992 140540
901747 901768
944813 945537
89382 89553
142253 142551
643412 644002
560714 560856
617863 618775
356696 357113
516759 517040
249786 250415
898370 898765
55815 56575
784259 785134
19812 20278
670779 671450
811515 811870
203461 204053
169609 170002
737851 738704
152653 152940
550071 550645
904771 905205
75484 75679
864473 864928
793946 794464
625649 625743
78816 79584
539637 539675
400539 400688
66601 66874
230309 230569
907274 908041
995777 996026
715805 716104
176763 177263
757714 758376
698845 699642
341094 341538
642451 642994
227536 228016
538800 539685
51579 52026
965793 965888
320258 320900
751464 752238
392571 393022
325147 326122
849362 850322
424818 425194
568310 568881
329272 329724
907496 907921
980945 981451
717039 717303
809570 810053
553761 554265
604013 604184
689796 690556
402283 402974
584331 584455
135604 135653
706100 707016
211739 211935
348142 348894
73725 74003
773919 774845
94504 94597
320460 320781
294415 295203
409186 409870
340019 340509
548136 548311
506982 507752
282032 282595
252217 252827
774963 775426
931454 932442
959585 959932
550415 550866
800242 800253
573709 574664
21862 22442
931333 931985
417752 418722
809117 809729
868370 868575
716964 717528
303514 304429
393407 393480
744858 744994
432615 432743
72382 73148
170520 170976
216798 217784
328541 329081
821170 821762
402231 402700
475645 476491
330501 330740
693355 693791
137724 138050
510828 510842
144631 145244
232674 232983
70331 71123
219807 220275
55721 55995
878608 879135
61431 62355
523566 524089
298944 299275
645635 645752
915542 916019
330681 331656
963874 964079
759438 760043
502299 503180
114628 114868
233610 233650
785285 785664
385294 385622
295363 295889
303851 303979
903533 903632
18142 18320
281118 281992
329923 330794
395192 395349
715719 716651
353918 354411
895282 895875
425919 426400
113036 113331
923565 924022
512912 513338
202117 202727
842165 842667
213338 213517
861777 861854
175826 176552
447041 447879
514690 515362
906196 906888
586949 587367
914582 914814
979008 979122
667607 667959
260113 260973
209547 209633
4053 4334
930421 931019
413512 414325
662140 662873
553287 553448
812528 813294
251018 251276
60029 60193
78334 78703
273118 273558
405543 406411
364749 364989
929074 929336
808807 809717
713176 713647
908661 909168
986302 986853
138236 138399
552561 553311
810126 810746
594144 594987
283834 284557
96122 96327
17678 17703
59158 60141
826901 827613
314225 314546
155939 156269
847425 847458
662724 662966
461352 462131
160285 160669
747021 747322
434923 435108
676725 677486
741592 741804
258943 259672
896476 897234
289356 289766
865663 865810
14709 15523
691700 692481
797575 798232
342690 343588
796345 796542
193292 193709
140766 141188
757088 758057
733702 733856
666893 667193
729815 730226
909685 909960
99121 99353
336626 336989
665422 665457
241093 241754
412792 413702
536697 536935
514509 514603
742222 742919
167054 167835
382826 383055
101909 102333
572298 572445
290604 291420
681638 681788
921523 922088
393042 393736
234257 235239
482664 482863
748292 749265
255051 255406
167723 168525
941399 941490
240432 241373
357948 358940
715043 715597
775946 775982
927026 927535
941374 942303
774261 774391
566858 567806
244261 244497
249994 250110
594684 594702
264770 265029
922712 923667
93574 94210
479074 479488
282234 282606
125627 126152
406704 407216
883653 883877
912759 913684
697895 698195
968632 968954
527747 528118
552492 552985
403546 403944
928282 928472
385839 386495
979933 980908
99064 99355
326713 327662
37152 37526
84182 84509
911034 911816
43821 44276
946417 946826
705559 706395
21514 21834
287909 288814
944643 944878
293426 293761
992749 992877
672461 672494
320884 320947
369603 370192
110927 111084
594273 594746
526971 527780
603527 603645
25730 26168
987088 987490
769120 769568
608725 609584
176526 177473
535065 535533
294704 294930
214319 214564
880282 880338
41000 41309
711727 712570
950657 950684
445761 446656
541226 542168
602005 602955
512297 512678
432677 433495
742492 743395
464825 465249
766013 766064
359032 359838
755935 756897
903520 903968
503407 504236
931205 932168
95591 96382
330310 330460
482356 482552
707299 707494
690262 691060
689034 689408
100992 101041
203945 204096
456557 457115
162878 163211
283531 284265
903779 904220
883476 884264
31693 32338
869262 870149
686971 687221
73501 73914
119283 119401
948902 949260
836584 836593
836324 836752
991480 992095
24536 25228
471842 472466
271409 271811
6365 7056
208803 209376
309563 310278
115483 115878
334436 335084
611040 611516
641887 642581
419974 420645
479851 480077
410709 411022
906484 906615
176150 177059
966465 967452
36925 37796
269754 270538
848017 848149
728960 729590
741577 741738
870660 871562
232137 232349
691209 691710
350634 351475
209421 209428
408727 409220
79522 80381
474315 474731
772908 772923
887624 888172
92435 93236
428339 428653
958023 958586
884460 885153
364163 364869
785369 785586
120467 120836
617009 617482
621767 622199
82310 83280
452466 453319
689956 690132
491316 491400
60550 61092
464730 465288
90791 91388
909384 910293
920358 921247
436461 436948
568371 569204
358700 359154
621695 621849
804987 805785
548376 548601
856148 857067
415849 416378
339201 340088
392568 393377
797420 797441
629104 629253
430428 430715
43551 44229
929108 929328
265642 265839
38958 39906
225525 225677
358885 359290
32095 32938
374360 374370
220865 221512
608114 608983
703631 703905
393566 394392
186799 187553
488711 489489
698351 698393
259126 260039
558787 559579
337661 337914
665068 665410
482040 482709
207772 208618
669459 669865
175493 176243
3238 3735
246521 247110
726246 727054
261164 261354
770277 771051
599886 600325
787129 788061
356165 356903
988050 988939
32528 32839
565821 566763
601158 602054
938038 938416
471828 472053
944850 945383
380757 381584
322314 322666
917515 918174
817787 817902
633804 634718
564211 564840
131881 132000
710454 711435
893752 893796
422998 423014
205129 205566
37129 37372
614901 615551
649492 650106
698594 699375
358790 359532
392427 392612
62047 62134
348500 348758
884783 885366
268084 268976
801627 802484
512467 512552
118402 119396
710771 711668
669853 670058
918843 919730
297525 297738
562045 562825
270951 271077
369609 370359
733066 733645
728755 729743
721025 721032
839016 839801
662676 663453
651766 652166
840001 840945
236329 236404
298008 298605
862057 862742
620932 621111
972761 973002
99125 99454
621667 622232
324458 324938
749398 750196
788275 788692
334673 335378
993285 993730
462018 462311
107847 108621
962567 963002
647810 648434
500814 500833
907685 907840
282872 283642
352214 352777
429552 430309
996972 997300
744905 744995
447625 448030
830949 831417
180469 181120
471442 472130
517430 517694
964518 965420
218260 218899
289660 289852
222624 223563
953743 954348
654677 654721
55403 55821
465399 465633
94755 94919
633631 633877
524932 525825
317856 318814
814729 815366
986284 986300
607616 608007
243784 244448
728105 728805
474455 475122
317967 318367
959345 959985
684271 685236
391372 392174
484726 485226
487779 488121
816223 816995
401386 402070
970497 970853
636452 637411
716078 716494
659484 660130
312712 313116
968103 968668
944519 944892
143243 144187
101526 102373
727209 727344
745603 746379
421421 421522
855668 856174
241246 241681
356343 357023
924649 924818
574330 574613
161216 161473
546010 546387
584224 584258
711655 712140
681432 681949
14347 14654
464045 464444
623115 623249
320467 320527
465350 465570
857365 857376
57315 57770
202933 203055
473072 473558
198272 198981
943093 944068
424592 425434
415270 415483
472085 472385
320271 321023
509054 509138
361890 362486
375449 375900
710252 710925
654714 654989
348925 349111
650472 651145
821230 821750
406451 407422
984973 985880
392698 392864
661996 662185
306193 307127
746408 746958
730175 730778
597813 598068
108237 108443
209847 210361
982483 982758
140675 140708
314021 314190
736268 736906
637210 638030
541153 541868
298893 299159
49067 49452
298148 298848
819021 819722
56430 57204
78620 78868
462890 463356
186694 187270
223538 223813
833359 833926
867278 867386
963270 963368
926757 927582
24734 25083
763215 763937
458992 459152
968190 968576
469870 470823
964234 964354
561698 562400
235723 235964
472317 473137
481617 482004
467020 467867
861136 861763
239277 239496
340560 341183
791055 791349
471696 472511
799559 800515
757426 757957
765767 766306
334234 334698
809705 810434
375832 376074
151249 152237
14757 15347
117816 118573
748985 749638
464869 465755
626731 627513
160550 161142
564835 565422
259740 260233
272881 273251
112948 113050
577496 578005
549258 549960
67709 67718
422152 422669
657865 657964
43285 43882
846718 846905
602928 603510
